"","date","totalDose1","totalDose2","dose1Only","totalDoses","totalDosesPriorDay"
"1",2020-12-17,0,0,0,0,NA
"2",2020-12-18,1226,0,1226,1226,1226
"3",2020-12-21,4827,0,4827,4827,3601
"4",2020-12-22,6400,0,6400,6400,1573
"5",2020-12-23,7072,0,7072,7072,672
"6",2020-12-28,11935,0,11935,11935,4863
"7",2020-12-29,12869,0,12869,12869,934
"8",2020-12-30,17020,0,17020,17020,4151
"9",2021-01-04,24145,121,24024,24266,7246
"10",2021-01-05,25763,400,25363,26163,1897
"11",2021-01-06,27966,643,27323,28609,2446
"12",2021-01-07,28603,1103,27500,29706,1097
"13",2021-01-08,29743,1798,27945,31541,1835
"14",2021-01-11,31007,4642,26365,35649,4108
"15",2021-01-12,36649,6074,30575,42723,7074
"16",2021-01-13,38197,7446,30751,45643,2920
"17",2021-01-14,39502,8616,30886,48118,2475
"18",2021-01-15,41977,9243,32734,51220,3102
"19",2021-01-19,46817,11049,35768,57866,6646
"20",2021-01-20,49113,11780,37333,60893,3027
"21",2021-01-21,50637,12515,38122,63152,2259
"22",2021-01-22,52925,13145,39780,66070,2918
"23",2021-01-25,59259,14735,44524,73994,7924
"24",2021-01-26,60900,17291,43609,78191,4197
"25",2021-01-27,62620,19683,42937,82303,4112
"26",2021-01-28,64435,21880,42555,86315,4012
