"","date","totalDoses","totalDosesPriorDay","avg7day"
"1",2020-12-17,0,0,NA
"2",2020-12-18,1226,1226,NA
"3",2020-12-19,NA,0,NA
"4",2020-12-20,NA,0,NA
"5",2020-12-21,4827,3601,NA
"6",2020-12-22,6400,1573,NA
"7",2020-12-23,7072,672,1010
"8",2020-12-24,NA,0,1010
"9",2020-12-25,NA,0,835
"10",2020-12-26,NA,0,835
"11",2020-12-27,NA,0,835
"12",2020-12-28,11935,4863,1015
"13",2020-12-29,12869,934,924
"14",2020-12-30,17020,4151,1421
"15",2020-12-31,NA,0,1421
"16",2021-01-01,NA,0,1421
"17",2021-01-02,NA,0,1421
"18",2021-01-03,NA,0,1421
"19",2021-01-04,24266,7246,1762
"20",2021-01-05,26163,1897,1899
"21",2021-01-06,28609,2446,1656
"22",2021-01-07,29706,1097,1812
"23",2021-01-08,31541,1835,2074
"24",2021-01-09,NA,0,2074
"25",2021-01-10,NA,0,2074
"26",2021-01-11,35649,4108,1626
"27",2021-01-12,42723,7074,2366
"28",2021-01-13,45643,2920,2433
"29",2021-01-14,48118,2475,2630
"30",2021-01-15,51220,3102,2811
"31",2021-01-16,NA,0,2811
"32",2021-01-17,NA,0,2811
"33",2021-01-18,NA,0,2224
"34",2021-01-19,57866,6646,2163
"35",2021-01-20,60893,3027,2179
"36",2021-01-21,63152,2259,2148
"37",2021-01-22,66070,2918,2121
"38",2021-01-23,NA,0,2121
"39",2021-01-24,NA,0,2121
"40",2021-01-25,73994,7924,3253
"41",2021-01-26,78191,4197,2904
"42",2021-01-27,82303,4112,3059
"43",2021-01-28,86315,4012,3309
"44",2021-01-29,89761,3446,3384
"45",2021-01-30,NA,0,3384
"46",2021-01-31,NA,0,3384
"47",2021-02-01,100474,10713,3783
"48",2021-02-02,102384,1910,3456
"49",2021-02-03,105051,2667,3250
"50",2021-02-04,108924,3873,3230
"51",2021-02-05,113656,4732,3414
"52",2021-02-06,NA,0,3414
"53",2021-02-07,NA,0,3414
"54",2021-02-08,122747,9091,3182
"55",2021-02-09,125208,2461,3261
"56",2021-02-10,127857,2649,3258
